10001 5
10002 37
10003 6
10007 5
10009 7
10010 4
10011 5
10012 3
10013 12
10014 2
10016 2
10017 3
10018 2
10019 5
10022 2
10023 5
10024 6
10025 9
10026 10
10027 20
10028 1
10029 32
10030 8
10031 10
10032 14
10033 19
10034 13
10035 17
10036 1
10037 7
10038 6
10039 4
10040 12
10044 1
10128 4
10268 3
10282 1
10301 17
10302 14
10303 3
10304 9
10305 1
10306 2
10309 2
10310 10
10312 7
10451 20
10452 23
10453 18
10454 19
10455 22
10456 22
10457 17
10458 14
10459 19
10460 25
10461 2
10462 7
10463 12
10464 1
10465 3
10466 13
10467 18
10468 9
10469 6
10471 1
10472 7
10473 18
10474 9
10475 6
11004 3
11101 16
11102 9
11103 4
11104 7
11105 1
11106 14
11201 24
11203 19
11204 8
11205 13
11206 25
11207 32
11208 21
11209 5
11210 11
11211 24
11212 16
11213 21
11214 15
11215 6
11216 22
11217 7
11218 12
11219 8
11220 28
11221 21
11222 10
11223 5
11224 13
11225 9
11226 23
11228 6
11229 7
11230 13
11231 13
11232 15
11233 16
11234 3
11235 17
11236 11
11237 23
11238 9
11239 12
11354 11
11355 11
11357 1
11358 2
11360 2
11361 2
11362 1
11364 3
11365 3
11366 3
11367 1
11368 11
11370 1
11372 14
11373 13
11374 2
11375 12
11377 9
11378 3
11385 18
11411 1
11412 6
11413 1
11415 1
11416 5
11417 2
11418 2
11419 2
11420 5
11423 4
11426 4
11432 14
11433 9
11434 24
11435 4
11436 2
11451 1
11691 22
11692 4
11694 2
11695 1
13372 1
14068 1
