10001 709
10002 4663
10003 1201
10004 7
10005 10
10006 9
10007 80
10009 1507
10010 161
10011 640
10012 1532
10013 1764
10014 428
10016 314
10017 28
10018 174
10019 209
10020 2
10021 191
10022 110
10023 96
10024 303
10025 600
10026 460
10027 893
10028 267
10029 783
10030 295
10031 930
10032 1081
10033 840
10034 753
10035 536
10036 187
10037 120
10038 204
10039 197
10040 736
10044 1
10065 231
10075 162
10103 1
10110 1
10128 512
10173 1
10282 3
10301 145
10302 171
10303 165
10304 224
10305 289
10306 211
10307 26
10308 85
10309 94
10310 118
10312 153
10314 290
10451 696
10452 1004
10453 1187
10454 902
10455 1094
10456 1067
10457 1623
10458 1740
10459 1576
10460 1378
10461 1317
10462 2168
10463 660
10464 101
10465 310
10466 662
10467 1635
10468 1162
10469 709
10470 347
10471 106
10472 1550
10473 431
10474 691
10475 132
11001 14
11004 104
11005 1
11040 23
11101 1305
11102 496
11103 492
11104 239
11105 681
11106 551
11201 524
11203 458
11204 871
11205 1185
11206 2176
11207 1469
11208 1416
11209 1180
11210 577
11211 3065
11212 1086
11213 784
11214 1167
11215 1396
11216 1343
11217 794
11218 1536
11219 1231
11220 3622
11221 1798
11222 2126
11223 1102
11224 327
11225 739
11226 1074
11228 410
11229 715
11230 1327
11231 725
11232 1326
11233 1003
11234 597
11235 860
11236 432
11237 1636
11238 1380
11239 1
11241 1
11249 1056
11354 493
11355 552
11356 615
11357 258
11358 322
11360 27
11361 224
11362 77
11363 26
11364 186
11365 223
11366 44
11367 101
11368 2292
11369 337
11370 282
11372 808
11373 1186
11374 185
11375 192
11377 1266
11378 518
11379 178
11385 734
11411 69
11412 208
11413 170
11414 43
11415 110
11416 301
11417 256
11418 695
11419 248
11420 183
11421 419
11422 106
11423 220
11426 83
11427 159
11428 218
11429 143
11432 942
11433 393
11434 110
11435 593
11436 18
11691 204
11692 10
11693 16
11694 44
11697 3
