00501 384
00544 0
06390 0
10001 16553
10002 70604
10003 36569
10004 2909
10005 6293
10006 2849
10007 5396
10008 732
10009 42731
10010 22785
10011 38784
10012 17738
10013 24199
10014 24292
10016 40683
10017 19975
10018 5928
10019 31889
10020 1926
10021 42627
10022 29014
10023 48044
10024 47261
10025 70190
10026 24221
10027 37948
10028 36525
10029 48403
10030 17771
10031 40901
10032 45758
10033 45474
10034 32614
10035 20395
10036 21944
10037 13151
10038 15088
10039 17839
10040 33218
10041 0
10043 0
10044 6218
10045 0
10055 0
10060 0
10065 18690
10069 3509
10075 16912
10080 0
10081 0
10087 0
10090 0
10095 0
10101 431
10102 0
10103 0
10104 0
10105 381
10106 0
10107 598
10108 449
10109 0
10110 0
10111 1302
10112 395
10113 377
10114 0
10115 0
10116 1023
10117 0
10118 391
10119 0
10120 0
10121 0
10122 0
10123 445
10124 0
10125 0
10126 0
10128 47627
10129 0
10130 0
10131 0
10132 0
10133 0
10138 0
10150 905
10151 0
10152 0
10153 0
10154 0
10155 0
10156 319
10157 0
10158 0
10159 450
10160 0
10161 0
10162 1243
10163 1807
10164 0
10165 444
10166 0
10167 0
10168 427
10169 0
10170 504
10171 0
10172 602
10173 0
10174 0
10175 0
10176 0
10177 0
10178 0
10179 0
10185 894
10199 0
10200 0
10203 0
10211 0
10212 0
10213 0
10242 0
10249 0
10256 0
10257 0
10258 0
10259 0
10260 0
10261 0
10265 0
10268 0
10269 0
10270 0
10271 0
10272 0
10273 0
10274 947
10275 0
10276 415
10277 0
10278 0
10279 0
10280 5755
10281 2180
10282 3575
10285 0
10286 0
10292 0
10301 26662
10302 12355
10303 18615
10304 31225
10305 31760
10306 45786
10307 10873
10308 23052
10309 25371
10310 17604
10311 0
10312 50774
10313 0
10314 68561
10451 31477
10452 56277
10453 57691
10454 22387
10455 25139
10456 58750
10457 48779
10458 50085
10459 30434
10460 39507
10461 35421
10462 57854
10463 50313
10464 3381
10465 30798
10466 47658
10467 64907
10468 55824
10469 47625
10470 10880
10471 15606
10472 43761
10473 42812
10474 7377
10475 31659
10499 0
10501 1186
10502 5344
10503 0
10504 10689
10505 1113
10506 5515
10507 4470
10509 16797
10510 9491
10511 1934
10512 21610
10514 11356
10516 4515
10517 809
10518 1336
10519 571
10520 10857
10521 0
10522 8950
10523 6748
10524 3723
10526 1845
10527 901
10528 10036
10530 11513
10532 4643
10533 6867
10535 638
10536 9794
10537 2112
10538 15315
10540 595
10541 21933
10542 454
10543 16242
10545 0
10546 1370
10547 6139
10548 2607
10549 13969
10550 26875
10551 640
10552 16046
10553 8512
10560 3819
10562 24284
10566 18979
10567 17127
10570 10970
10573 30334
10576 4719
10577 3132
10578 775
10579 7683
10580 14988
10583 36163
10587 594
10588 2133
10589 7704
10590 6110
10591 18812
10594 4416
10595 5730
10596 1481
10597 976
10598 25981
10601 8255
10602 826
10603 14937
10604 9286
10605 16733
10606 12643
10607 6475
10610 0
10701 43733
10702 530
10703 16271
10704 25409
10705 28216
10706 7877
10707 8325
10708 18761
10709 8242
10710 22379
10801 29299
10802 459
10803 11015
10804 13257
10805 13977
10901 19926
10910 0
10911 0
10912 0
10913 4717
10914 642
10915 0
10916 3925
10917 1795
10918 9445
10919 1027
10920 7748
10921 3677
10922 1363
10923 7608
10924 10360
10925 4306
10926 3202
10927 9010
10928 3618
10930 7893
10931 780
10932 0
10933 512
10940 36707
10941 11451
10950 31099
10952 23954
10953 0
10954 20221
10956 28938
10958 2845
10959 0
10960 11889
10962 4396
10963 2227
10964 1300
10965 13258
10968 1945
10969 1106
10970 8344
10973 2034
10974 2747
10975 0
10976 1343
10977 39075
10979 0
10980 12001
10981 778
10982 0
10983 5218
10984 2563
10985 0
10986 1596
10987 2987
10988 629
10989 8400
10990 17206
10992 8545
10993 3858
10994 6663
10996 2389
10997 2114
10998 2808
11001 23250
11002 0
11003 35663
11004 11118
11005 1772
11010 20788
11020 5513
11021 15695
11022 0
11023 7517
11024 6037
11026 0
11027 0
11030 16946
11040 36932
11042 514
11050 25840
11051 0
11052 0
11053 0
11054 0
11055 0
11096 6063
11101 18466
11102 25440
11103 28705
11104 22394
11105 28457
11106 30268
11109 2570
11120 0
11201 37285
11202 1637
11203 55405
11204 54898
11205 22852
11206 50200
11207 61265
11208 65751
11209 51567
11210 46104
11211 57386
11212 56806
11213 42622
11214 62973
11215 51113
11216 34873
11217 25348
11218 51742
11219 56627
11220 73470
11221 50075
11222 29492
11223 51878
11224 31619
11225 42923
11226 74527
11228 30673
11229 58851
11230 56454
11231 25202
11232 17338
11233 41642
11234 67156
11235 59131
11236 71345
11237 31061
11238 37151
11239 10182
11241 0
11242 0
11243 0
11245 0
11247 479
11249 0
11251 0
11252 0
11256 0
11351 0
11352 1014
11354 40706
11355 67548
11356 18183
11357 32492
11358 29599
11359 0
11360 16104
11361 22958
11362 14936
11363 6048
11364 29752
11365 33762
11366 11462
11367 30463
11368 67717
11369 25709
11370 20338
11371 0
11372 53879
11373 75771
11374 35181
11375 56345
11377 66214
11378 27038
11379 28507
11380 0
11381 0
11385 75737
11386 552
11390 0
11405 0
11411 15695
11412 26508
11413 30686
11414 21425
11415 14541
11416 18651
11417 23069
11418 26725
11419 35160
11420 34717
11421 31446
11422 23615
11423 23449
11424 0
11425 0
11426 14806
11427 18925
11428 16017
11429 19295
11430 0
11431 1143
11432 41968
11433 21603
11434 44414
11435 38992
11436 13320
11439 0
11451 0
11499 0
11501 16972
11507 6679
11509 2407
11510 28565
11514 4202
11516 6033
11518 9543
11520 35818
11530 24839
11531 0
11535 0
11542 21656
11545 11138
11547 880
11548 1283
11549 0
11550 40113
11551 1032
11552 20840
11553 20800
11554 32480
11555 0
11556 0
11557 7435
11558 6963
11559 6762
11560 6072
11561 29905
11563 19016
11565 8167
11566 32903
11568 3254
11569 1400
11570 23850
11571 0
11572 27962
11575 13013
11576 11797
11577 10881
11579 4384
11580 33773
11581 18314
11582 408
11590 38259
11596 9478
11598 11226
11599 0
11690 508
11691 35386
11692 12619
11693 8984
11694 14148
11695 0
11697 3632
11701 21463
11702 12983
11703 15215
11704 32867
11705 7048
11706 50386
11707 0
11709 5995
11710 30778
11713 8292
11714 20782
11715 4069
11716 9356
11717 48090
11718 2966
11719 2746
11720 25056
11721 5663
11722 27814
11724 3232
11725 26411
11726 17101
11727 23345
11729 23876
11730 12627
11731 26703
11732 3168
11733 16262
11735 27845
11736 0
11737 0
11738 14404
11739 1280
11740 8014
11741 24709
11742 11646
11743 37726
11746 56971
11747 18428
11749 2667
11751 12779
11752 8508
11753 12072
11754 16276
11755 10779
11756 38330
11757 39467
11758 49089
11760 0
11762 20692
11763 23711
11764 11529
11765 609
11766 11102
11767 12745
11768 19381
11769 8287
11770 0
11771 8639
11772 35623
11773 0
11775 0
11776 20409
11777 7921
11778 10703
11779 32911
11780 13135
11782 13703
11783 19289
11784 20687
11786 5684
11787 30670
11788 14999
11789 6415
11790 12887
11791 22997
11792 7530
11793 29209
11794 0
11795 22905
11796 3248
11797 8301
11798 12181
11801 35460
11802 620
11803 26533
11804 4648
11815 0
11819 0
11853 0
11854 0
11901 18288
11930 2244
11931 2185
11932 1677
11933 5527
11934 6565
11935 3154
11937 13646
11939 907
11940 4636
11941 2190
11942 4125
11944 3484
11946 11209
11947 1261
11948 998
11949 11993
11950 12942
11951 10520
11952 4432
11953 10735
11954 3976
11955 2780
11956 0
11957 803
11958 846
11959 1209
11960 1228
11961 10813
11962 567
11963 6438
11964 1526
11965 848
11967 21343
11968 8237
11969 2230
11970 0
11971 5443
11972 834
11973 403
11975 1053
11976 2079
11977 2110
11978 3007
11980 3573
12007 0
12008 0
12009 6187
12010 22566
12015 2840
12016 0
12017 0
12018 6808
12019 13129
12020 26539
12022 817
12023 1790
12024 0
12025 4771
12027 3731
12028 1039
12029 903
12031 0
12032 878
12033 6953
12035 785
12036 0
12037 3004
12040 0
12041 511
12042 0
12043 5489
12045 501
12046 626
12047 15353
12050 0
12051 2955
12052 1252
12053 3842
12054 15544
12055 0
12056 2123
12057 1434
12058 1194
12059 1447
12060 1167
12061 8215
12062 1465
12063 563
12064 0
12065 37357
12066 1819
12067 1314
12068 2499
12069 0
12070 1214
12071 0
12072 2216
12073 0
12074 2603
12075 2679
12076 1012
12077 5577
12078 17802
12082 0
12083 3257
12084 3678
12085 421
12086 1715
12087 1085
12089 0
12090 4771
12092 1009
12093 1210
12094 1984
12095 9856
12106 2236
12107 0
12108 0
12110 17260
12115 0
12116 1456
12117 2805
12118 11777
12120 476
12121 1764
12122 3493
12123 4397
12124 534
12125 1227
12128 0
12130 995
12131 0
12132 0
12133 0
12134 3112
12136 776
12137 1611
12138 2425
12139 0
12140 1561
12141 0
12143 4366
12144 16674
12147 513
12148 4162
12149 1687
12150 812
12151 731
12153 896
12154 2549
12155 1378
12156 729
12157 3363
12158 5434
12159 7475
12160 783
12161 0
12164 503
12165 0
12166 1156
12167 1982
12168 1639
12169 0
12170 4428
12172 552
12173 1386
12174 0
12175 618
12176 0
12177 685
12180 36062
12181 558
12182 11529
12183 2200
12184 5688
12185 1709
12186 5935
12187 691
12188 9784
12189 13561
12190 618
12192 1254
12193 1820
12194 0
12195 0
12196 2861
12197 1746
12198 6973
12201 655
12202 6316
12203 20438
12204 5912
12205 23888
12206 10549
12207 984
12208 14663
12209 8069
12210 6363
12211 10624
12212 414
12214 0
12220 0
12222 0
12223 0
12224 0
12225 0
12226 0
12227 0
12228 0
12229 0
12230 0
12231 0
12232 0
12233 0
12234 0
12235 0
12236 0
12237 0
12238 0
12239 0
12240 0
12241 0
12242 0
12243 0
12244 0
12245 0
12246 0
12247 0
12248 0
12249 0
12250 0
12252 0
12255 0
12256 0
12257 0
12260 0
12261 0
12288 0
12301 672
12302 24396
12303 25053
12304 16525
12305 2473
12306 22412
12307 4565
12308 10086
12309 26897
12325 0
12345 0
12401 25786
12402 1439
12404 2879
12405 548
12406 519
12407 0
12409 836
12410 0
12411 455
12412 551
12413 2425
12414 7717
12416 0
12417 432
12418 0
12419 621
12420 0
12421 0
12422 0
12423 849
12424 0
12427 0
12428 4494
12429 0
12430 765
12431 1188
12432 609
12433 0
12434 547
12435 0
12436 0
12438 0
12439 0
12440 1589
12441 0
12442 772
12443 3582
12444 0
12446 3920
12448 0
12449 2895
12450 0
12451 1419
12452 0
12453 0
12454 0
12455 1398
12456 734
12457 564
12458 1907
12459 0
12460 0
12461 1374
12463 1231
12464 816
12465 0
12466 2628
12468 881
12469 526
12470 0
12471 526
12472 1409
12473 741
12474 985
12475 0
12477 14990
12480 458
12481 1200
12482 691
12483 0
12484 2600
12485 811
12486 1336
12487 2415
12489 476
12490 0
12491 1770
12492 0
12493 0
12494 600
12495 0
12496 1153
12498 4117
12501 1765
12502 832
12503 560
12504 0
12506 0
12507 0
12508 13589
12510 0
12511 0
12512 0
12513 1083
12514 2470
12515 1419
12516 1346
12517 0
12518 5063
12520 2843
12521 1295
12522 4008
12523 1476
12524 12215
12525 3067
12526 3079
12527 654
12528 10839
12529 1976
12530 0
12531 2800
12533 22054
12534 12083
12537 0
12538 11224
12540 6900
12541 0
12542 5193
12543 2531
12544 0
12545 3767
12546 2454
12547 2371
12548 1397
12549 8716
12550 41479
12551 934
12552 0
12553 20131
12555 0
12561 11547
12563 6286
12564 5933
12565 1474
12566 8638
12567 2338
12568 977
12569 8610
12570 6359
12571 8103
12572 7502
12574 0
12575 2009
12577 1799
12578 2043
12580 3379
12581 1786
12582 4205
12583 1776
12584 427
12585 833
12586 10376
12588 0
12589 11510
12590 30481
12592 1042
12594 3531
12601 27784
12602 756
12603 35770
12604 0
12701 7784
12719 741
12720 0
12721 5354
12722 0
12723 1209
12724 0
12725 0
12726 871
12727 0
12729 1473
12732 649
12733 0
12734 981
12736 0
12737 1516
12738 0
12740 1723
12741 0
12742 0
12743 0
12745 0
12746 1041
12747 1416
12748 1629
12749 0
12750 0
12751 719
12752 0
12754 4684
12758 3075
12759 1080
12760 0
12762 460
12763 666
12764 1300
12765 818
12766 0
12767 0
12768 763
12769 0
12770 0
12771 11021
12775 2162
12776 1600
12777 613
12778 578
12779 1551
12780 2008
12781 0
12783 1079
12784 0
12785 919
12786 524
12787 493
12788 1608
12789 1290
12790 3663
12791 563
12792 0
12801 12364
12803 6658
12804 23153
12808 0
12809 2994
12810 541
12811 0
12812 0
12814 1449
12815 889
12816 3769
12817 1974
12819 0
12820 0
12821 0
12822 5024
12823 0
12824 757
12827 3320
12828 7917
12831 14655
12832 4864
12833 3878
12834 5642
12835 2210
12836 538
12837 632
12838 629
12839 10569
12841 0
12842 1047
12843 465
12844 0
12845 4377
12846 2848
12847 601
12848 0
12849 601
12850 2376
12851 0
12852 0
12853 1136
12854 0
12855 0
12856 0
12857 512
12858 0
12859 1819
12860 664
12861 496
12862 0
12863 529
12864 0
12865 2966
12866 29758
12870 1459
12871 3391
12872 0
12873 639
12874 0
12878 553
12879 0
12883 4050
12884 464
12885 3783
12886 0
12887 3822
12901 23334
12903 1025
12910 1436
12911 0
12912 1778
12913 931
12914 616
12915 0
12916 1630
12917 1128
12918 2062
12919 2916
12920 1918
12921 2125
12922 0
12923 0
12924 0
12926 1653
12927 0
12928 1627
12929 1124
12930 454
12932 1086
12933 0
12934 735
12935 1259
12936 538
12937 1201
12939 0
12941 1076
12942 531
12943 0
12944 3187
12945 589
12946 4566
12949 0
12950 670
12952 468
12953 8697
12955 0
12956 913
12957 1332
12958 1602
12959 1160
12960 905
12961 0
12962 4812
12964 0
12965 0
12966 2234
12967 857
12969 0
12970 0
12972 5527
12973 0
12974 1235
12975 0
12976 0
12977 0
12978 0
12979 2045
12980 1047
12981 1955
12983 5950
12985 931
12986 4768
12987 0
12989 784
12992 4156
12993 1364
12995 0
12996 1671
12997 1005
12998 0
13020 0
13021 31058
13022 0
13024 0
13026 1098
13027 27650
13028 1020
13029 6090
13030 3553
13031 14099
13032 10386
13033 3115
13034 1505
13035 6634
13036 7311
13037 7640
13039 15407
13040 2228
13041 9355
13042 1823
13043 0
13044 2224
13045 19439
13051 0
13052 1563
13053 3793
13054 1312
13056 0
13057 13212
13060 2521
13061 921
13062 0
13063 1634
13064 0
13065 0
13066 11455
13068 4276
13069 19739
13071 897
13072 633
13073 5355
13074 3504
13076 1981
13077 5647
13078 8134
13080 3149
13081 987
13082 4083
13083 1470
13084 3979
13087 0
13088 18946
13089 0
13090 26337
13092 2015
13093 0
13101 2131
13102 0
13103 0
13104 14081
13107 0
13108 5576
13110 2062
13111 1307
13112 1647
13113 0
13114 5422
13115 0
13116 2992
13117 0
13118 4404
13119 0
13120 1890
13121 0
13122 911
13123 451
13124 0
13126 25103
13131 3092
13132 3516
13134 0
13135 5559
13136 0
13137 0
13138 0
13139 0
13140 3556
13141 596
13142 5052
13143 2244
13144 991
13145 1493
13146 1756
13147 955
13148 8643
13152 7233
13153 414
13154 0
13155 505
13156 1413
13157 691
13158 1174
13159 4590
13160 1726
13162 0
13163 422
13164 2078
13165 8844
13166 4703
13167 2825
13201 0
13202 2520
13203 9714
13204 12137
13205 12129
13206 13046
13207 10405
13208 14769
13209 11191
13210 9948
13211 5382
13212 17382
13214 6484
13215 12897
13217 0
13218 0
13219 13675
13220 485
13221 0
13224 6872
13225 0
13244 0
13250 0
13251 0
13252 0
13261 0
13290 0
13301 0
13302 1196
13303 977
13304 1556
13305 0
13308 2681
13309 4869
13310 548
13312 0
13313 560
13314 454
13315 1068
13316 5208
13317 2925
13318 1047
13319 805
13320 1642
13321 966
13322 1023
13323 8049
13324 1634
13325 758
13326 4529
13327 1744
13328 1010
13329 2911
13331 0
13332 1995
13333 0
13334 1036
13335 1249
13337 741
13338 1091
13339 4853
13340 6645
13341 0
13342 0
13343 1373
13345 0
13346 3336
13348 1126
13350 6793
13352 0
13353 0
13354 2857
13355 662
13357 8684
13360 0
13361 514
13362 0
13363 2027
13364 0
13365 6606
13367 6623
13368 967
13401 0
13402 1191
13403 3831
13404 0
13406 688
13407 4325
13408 1954
13409 1917
13410 0
13411 2513
13413 13611
13415 0
13416 1733
13417 2653
13418 0
13420 1361
13421 10880
13424 1939
13425 1497
13426 0
13428 1105
13431 1641
13433 1261
13435 0
13436 0
13437 0
13438 2899
13439 3180
13440 31499
13441 0
13442 936
13449 0
13450 0
13452 3503
13454 676
13455 0
13456 3560
13457 0
13459 1759
13460 3658
13461 2789
13464 851
13465 0
13468 436
13469 656
13470 541
13471 2629
13472 0
13473 592
13475 0
13476 2767
13477 1084
13478 2632
13479 0
13480 2737
13482 0
13483 0
13484 0
13485 734
13486 727
13488 0
13489 593
13490 1241
13491 2989
13492 10302
13493 1602
13494 0
13495 1732
13501 24772
13502 23498
13503 477
13504 0
13505 0
13599 0
13601 28475
13602 2867
13603 7685
13605 3684
13606 2328
13607 1759
13608 1275
13611 0
13612 2343
13613 1777
13614 0
13615 1099
13616 1340
13617 6890
13618 1612
13619 7939
13620 1612
13621 512
13622 1856
13623 0
13624 3954
13625 1560
13626 1753
13627 0
13628 0
13630 1010
13631 0
13632 0
13633 0
13634 3229
13635 804
13636 0
13637 3206
13638 0
13639 0
13640 0
13641 0
13642 6605
13643 0
13645 0
13646 1689
13647 500
13648 1831
13649 0
13650 993
13651 0
13652 1353
13654 1560
13655 2150
13656 2118
13657 0
13658 1950
13659 0
13660 1536
13661 1185
13662 12957
13664 481
13665 739
13666 0
13667 2539
13668 2591
13669 11813
13670 0
13671 0
13672 625
13673 1866
13674 0
13675 0
13676 8585
13677 0
13678 0
13679 1510
13680 838
13681 725
13682 771
13683 0
13684 879
13685 1889
13687 461
13690 726
13691 2395
13692 0
13693 496
13694 1255
13695 0
13696 0
13697 1587
13699 0
13730 2321
13731 853
13732 7253
13733 4218
13734 1739
13736 2030
13737 0
13738 0
13739 777
13740 0
13743 3127
13744 1008
13745 0
13746 2348
13747 0
13748 3378
13749 0
13750 869
13751 0
13752 616
13753 3344
13754 2640
13755 1069
13756 0
13757 798
13758 0
13760 36643
13761 0
13762 0
13763 0
13774 0
13775 1340
13776 593
13777 763
13778 4736
13780 869
13782 577
13783 1972
13784 0
13786 0
13787 2851
13788 776
13790 14367
13794 0
13795 3219
13796 1048
13797 1735
13801 916
13802 869
13803 3296
13804 0
13806 0
13807 1056
13808 1411
13809 1318
13810 906
13811 3675
13812 1895
13813 766
13814 0
13815 10438
13820 13019
13825 2810
13826 0
13827 9721
13830 3854
13832 549
13833 3541
13834 0
13835 1129
13838 3464
13839 1088
13840 0
13841 0
13842 0
13843 1424
13844 617
13845 0
13846 0
13847 0
13848 0
13849 3682
13850 18401
13851 0
13856 5084
13859 0
13860 0
13861 556
13862 3454
13863 0
13864 883
13865 5164
13901 14798
13902 662
13903 14883
13904 7084
13905 18513
14001 8276
14004 9396
14005 1640
14006 8348
14008 1312
14009 4463
14010 0
14011 5024
14012 1965
14013 1367
14020 17176
14021 0
14024 1309
14025 2713
14026 701
14027 0
14028 1315
14029 0
14030 1342
14031 8352
14032 6906
14033 2051
14034 1554
14035 0
14036 4216
14037 1059
14038 0
14039 0
14040 1945
14041 0
14042 3060
14043 21518
14047 5577
14048 11192
14051 18084
14052 15612
14054 1165
14055 1229
14056 0
14057 7171
14058 1966
14059 8299
14060 0
14061 0
14062 2791
14063 9209
14065 1467
14066 881
14067 4368
14068 6245
14069 755
14070 4008
14072 18204
14075 37102
14080 3863
14081 2123
14082 442
14083 0
14085 6645
14086 28598
14091 1071
14092 9643
14094 41705
14095 556
14098 2495
14101 1467
14102 1173
14103 8683
14105 3850
14107 0
14108 4926
14109 0
14110 0
14111 2725
14112 0
14113 724
14120 38248
14125 3241
14126 615
14127 27004
14129 1056
14130 0
14131 4606
14132 5028
14133 0
14134 0
14135 0
14136 4115
14138 1571
14139 2114
14140 0
14141 6474
14143 1196
14144 0
14145 1399
14150 35414
14151 0
14166 0
14167 1383
14168 0
14169 0
14170 2168
14171 1801
14172 2825
14173 520
14174 5187
14201 6563
14202 2208
14203 822
14204 5302
14205 0
14206 14988
14207 14755
14208 5551
14209 4984
14210 10360
14211 13645
14212 6607
14213 13261
14214 11826
14215 26790
14216 17262
14217 19132
14218 14210
14219 9751
14220 19047
14221 46526
14222 8292
14223 20327
14224 36062
14225 28366
14226 24584
14227 19784
14228 14965
14231 399
14233 0
14240 428
14241 0
14260 0
14261 0
14263 0
14264 0
14265 0
14267 0
14269 0
14270 0
14272 0
14273 0
14276 0
14280 0
14301 8416
14302 410
14303 3890
14304 25293
14305 12128
14410 0
14411 9630
14413 0
14414 6007
14415 0
14416 3504
14418 1028
14420 13210
14422 1892
14423 4133
14424 22261
14425 9107
14427 1737
14428 7548
14429 0
14430 0
14432 4537
14433 3546
14435 2628
14437 7679
14441 0
14443 0
14445 6390
14449 0
14450 37619
14452 0
14453 0
14454 5180
14456 14446
14461 0
14462 582
14463 0
14464 6229
14466 1557
14467 8141
14468 16219
14469 5114
14470 6664
14471 2559
14472 7839
14475 0
14476 1905
14477 1443
14478 820
14479 0
14480 786
14481 1647
14482 7139
14485 3549
14486 0
14487 5126
14488 0
14489 5559
14502 9241
14504 1417
14505 4769
14506 1262
14507 1189
14508 0
14510 3851
14511 522
14512 4035
14513 11286
14514 4933
14515 0
14516 1936
14517 2352
14518 0
14519 10651
14520 0
14521 2158
14522 7892
14525 2349
14526 18588
14527 9984
14529 0
14530 4485
14532 3841
14533 1317
14534 30109
14536 552
14537 0
14538 0
14539 0
14541 1933
14542 0
14543 2968
14544 1675
14545 0
14546 4100
14547 0
14548 3340
14549 0
14550 1369
14551 4479
14555 904
14556 0
14557 0
14558 0
14559 15998
14560 1819
14561 2174
14563 0
14564 12648
14568 5452
14569 4857
14571 1035
14572 4137
14580 45392
14585 0
14586 7811
14588 0
14589 6424
14590 4077
14591 1513
14592 0
14602 0
14603 525
14604 1054
14605 6470
14606 21877
14607 9704
14608 6785
14609 31863
14610 11955
14611 10429
14612 30282
14613 8911
14614 0
14615 12569
14616 24464
14617 21894
14618 18664
14619 10647
14620 15338
14621 20021
14622 10834
14623 15370
14624 33179
14625 9516
14626 26777
14627 0
14638 0
14639 0
14642 0
14643 0
14644 0
14646 0
14647 0
14649 0
14650 0
14651 0
14652 0
14653 0
14692 559
14694 0
14701 29436
14702 480
14706 5156
14707 0
14708 0
14709 1220
14710 3023
14711 1362
14712 2789
14714 0
14715 2139
14716 1834
14717 499
14718 1740
14719 2574
14720 590
14721 0
14722 0
14723 1015
14724 1837
14726 731
14727 4239
14728 867
14729 713
14730 0
14731 1241
14732 0
14733 3246
14735 1917
14736 498
14737 3248
14738 3092
14739 2026
14740 979
14741 1573
14742 0
14743 1526
14744 878
14745 0
14747 1827
14748 603
14750 3950
14751 0
14752 0
14753 946
14754 512
14755 2136
14756 0
14757 2590
14758 0
14760 14511
14766 0
14767 1415
14769 743
14770 2483
14772 2991
14774 0
14775 2012
14777 571
14778 0
14779 5147
14781 1727
14782 1912
14783 0
14784 780
14785 0
14786 0
14787 4181
14788 0
14801 4062
14802 655
14803 950
14804 1244
14805 924
14806 1819
14807 2496
14808 479
14809 2016
14810 9174
14812 2712
14813 1857
14814 1841
14815 721
14816 592
14817 2007
14818 1522
14819 521
14820 543
14821 2821
14822 933
14823 3137
14824 594
14825 723
14826 1711
14827 0
14830 16367
14831 0
14836 838
14837 3837
14838 1624
14839 588
14840 2645
14841 784
14842 634
14843 9824
14845 17593
14846 573
14847 1900
14850 37136
14851 469
14852 0
14853 342
14854 0
14855 725
14856 0
14857 0
14858 1319
14859 900
14860 852
14861 1167
14863 0
14864 972
14865 1974
14867 4576
14869 1151
14870 8080
14871 3990
14872 506
14873 1971
14874 0
14876 0
14877 0
14878 555
14879 1736
14880 1339
14881 0
14882 3354
14883 3271
14884 0
14885 641
14886 5786
14887 0
14889 1180
14891 3508
14892 6498
14893 0
14894 1160
14895 7288
14897 739
14898 1147
14901 9440
14902 0
14903 6479
14904 12349
14905 7665
14925 0
